0.009923
0.002446
-0.002994
-0.025563
-0.019304
-0.001069
0.001623
-0.023371
-0.022935
-0.012907
0.002664
0.023939
-0.019714
0.012062
0.002550
0.008325
0.025920
0.001288
0.007209
-0.009329
-0.020242
-0.002781
-0.000940
-0.003621
0.002170
0.006100
0.020387
-0.005004
-0.027570
0.016373
0.013131
0.004843
-0.022328
-0.028917
0.003197
-0.022566
0.027596
-0.014432
0.033063
-0.032271
0.008959
0.011118
-0.005889
0.018803
-0.016809
0.001515
0.012544
-0.026923
0.002870
-0.002652
0.027993
0.005136
-0.013224
-0.004780
0.005100
0.007493
-0.009672
0.013561
0.011052
-0.026223
0.015422
0.019700
-0.014538
0.019859
-0.008952
-0.008213
-0.014115
-0.010444
-0.016505
-0.000017
0.029234
-0.011752
0.003766
-0.011309
0.023028
-0.007229
-0.013745
0.006780
0.006397
0.001972
0.017733
-0.009764
-0.024507
0.034621
0.009692
0.012834
-0.003525
0.005437
-0.009943
0.011204
0.007718
0.013290
-0.004179
0.011725
0.014643
-0.002603
-0.004440
0.019951
-0.027755
-0.049013
-0.012121
-0.005447
0.008411
-0.005562
-0.002591
-0.005585
0.004780
-0.009962
0.008741
-0.029154
-0.026936
0.026276
0.012016
-0.026157
0.000657
0.017627
0.001348
-0.009454
-0.015039
0.002192
0.044445
0.010061
0.016347
-0.031769
0.011494
0.017033
-0.005331
0.003856
-0.018142
-0.020876
-0.005047
-0.002953
0.003512
0.014630
-0.019278
0.015092
-0.022711
0.008655
0.000411
-0.017693
0.027966
0.037896
-0.012128
-0.006546
0.009084
0.002893
0.012181
-0.005130
0.018340
0.011507
0.028917
-0.000543
0.015686
-0.012240
-0.002748
0.028362
-0.026976
0.017931
0.019674
-0.009157
0.009045
0.015409
0.020664
0.013495
0.017825
0.009091
0.006959
0.004229
-0.011006
0.009368
-0.014102
0.012009
-0.006018
0.039638
-0.001556
0.020704
-0.009877
0.002055
-0.017297
-0.015541
0.009408
-0.015845
0.029260
0.035228
-0.030686
-0.025180
-0.001473
-0.023952
0.011237
-0.004684
-0.008860
0.026659
0.014353
-0.001806
-0.638019
-0.002593
0.032218
-0.011296
0.024758
0.008239
-0.020849
0.003318
-0.032825
0.030369
-0.007275
0.006288
0.012781
0.010279
-0.000699
-0.016162
0.010741
-0.023318
0.004575
0.019859
0.016347
0.013026
-0.000457
0.008767
0.030158
0.003154
-0.010121
-0.012504
-0.002636
0.029735
-0.023543
0.030343
-0.005272
-0.000346
0.047799
0.002989
0.000448
0.020955
0.017548
0.053476
-0.019106
-0.003225
0.020427
0.002331
-0.022592
-0.021972
0.016690
0.015818
0.021483
-0.001582
-0.000630
0.012715
-0.014287
0.008668
-0.002550
0.011917
0.026052
-0.038767
0.012980
0.018763
0.011494
0.022156
-0.003872
0.008068
-0.023081
0.013983
0.004730
-0.009282
0.013759
-0.006846
0.014115
0.016149
-0.011514
0.015832
-0.000094
0.021668
0.020347
-0.000867
0.004816
0.009170
-0.003433
-0.003638
-0.012768
-0.002981
0.036232
-0.001736
-0.015779
0.008325
-0.006704
-0.005192
0.019938
0.023728
-0.002009
-0.009461
-0.021826
0.001629
0.000357
0.008873
-0.003516
-0.044075
0.015581
0.002250
-0.023965
0.017773
0.003050
0.014274
-0.023635
0.005282
0.024586
-0.025008
0.010458
-0.011738
0.011778
-0.003040
-0.011369
-0.020611
0.031584
0.003658
0.015515
-0.018406
0.020611
0.002717
0.006071
-0.023133
0.013389
0.005242
-0.017310
-0.002306
0.000134
-0.004172
0.008847
-0.018604
0.025286
-0.007889
-0.023794
0.004899
0.034542
-0.000969
0.020176
-0.002147
-0.024216
0.018631
-0.004440
-0.026421
0.003730
-0.021972
-0.012801
0.006510
-0.008602
-0.007764
-0.015000
-0.039401
0.006751
0.001318
0.007335
0.017112
-0.056724
-0.017416
-0.015422
-0.007916
0.019106
0.031109
-0.041778
0.000164
-0.027029
-0.017007
0.011065
-0.002268
-0.003344
-0.026118
-0.006859
-0.002486
0.005169
0.014049
-0.012623
0.003651
-0.022526
-0.015462
-0.032323
0.002553
0.012412
-0.002874
-0.000651
-0.022381
0.007454
0.009857
0.040774
0.015858
-0.019898
0.017376
0.013382
0.012550
-0.003453
0.004272
-0.023358
-0.022685
-0.005249
0.013462
0.010801
0.009071
0.017310
-0.039955
-0.007652
-0.022830
0.015766
-0.008470
0.002486
-0.011237
0.000904
0.011719
0.007487
0.012300
-0.016056
-0.012531
-0.008550
0.015660
-0.035809
0.012240
-0.007077
0.021562
0.006216
-0.017244
0.001331
0.027359
0.009223
0.046637
-0.008596
0.016122
-0.015805
-0.015237
-0.018129
0.014815
-0.009507
0.000428
0.007196
0.001277
0.020004
-0.017654
0.001580
0.017654
0.013574
0.020942
0.009573
-0.008682
0.023147
0.011131
0.013970
0.023120
-0.010240
-0.023714
-0.000642
-0.010530
-0.020493
0.003253
0.012333
-0.025246
-0.000013
-0.013613
0.001662
0.026368
0.009976
0.018050
0.004123
-0.011804
0.013666
0.008622
-0.011851
-0.022605
0.018208
-0.013197
-0.023424
-0.004618
0.010814
-0.032244
0.019885
0.022645
-0.031267
0.005265
0.014432
0.036126
0.005420
-0.031980
0.018222
0.007440
-0.026223
0.006001
0.000286
-0.012966
-0.013996
0.015950
-0.010629
0.011171
0.003050
0.012709
0.018895
-0.006295
0.038635
0.003450
0.018327
-0.004331
0.000415
-0.006774
-0.013263
-0.014392
0.002134
0.006447
-0.043045
-0.042253
-0.006315
0.024665
-0.024599
-0.027174
-0.026170
-0.021338
-0.009401
0.012154
-0.029973
0.010477
0.039242
-0.016149
-0.032984
-0.000144
-0.029181
-0.000288
0.104470
0.018618
-0.009038
0.028785
0.008959
-0.013891
0.005608
-0.021311
0.020585
0.005549
-0.027280
-0.012280
-0.006447
-0.015277
0.026487
0.016413
-0.010642
-0.031294
-0.000720
0.009263
0.019634
-0.024427
-0.002887
0.032720
0.005635
0.013904
0.016373
0.006312
0.004255
-0.024401
-0.022275
0.014300
0.008319
0.010940
0.013138
0.003895
-0.014987
0.015000
0.013270
-0.002299
0.016782
0.055563
0.003955
-0.003803
0.021879
-0.010458
0.004942
0.027755
-0.026302
-0.003872
0.018935
-0.004328
0.000877
-0.000813
0.022222
0.004371
-0.005437
-0.003522
-0.012002
-0.042860
-0.011283
-0.008220
0.005704
0.015079
-0.021826
0.005691
-0.011382
0.012227
-0.021813
0.014855
-0.016254
-0.036311
-0.007203
-0.005067
0.011435
0.016531
0.031029
0.011791
-0.007302
0.023279
0.016545
-0.012603
-0.011851
-0.017324
-0.002935
-0.004638
-0.001131
0.011058
-0.018908
0.021483
0.029709
0.027623
0.015145
-0.013732
0.020994
-0.003671
-0.001761
0.031346
0.008233
-0.007837
0.028706
-0.018023
-0.039005
-0.019436
-0.023265
-0.012729
0.012966
-0.000971
0.000449
-0.017548
0.008424
-0.033274
0.013065
0.005995
0.002692
0.008173
0.005737
0.008385
-0.002088
-0.018261
0.001424
-0.017390
0.023939
0.016862
-0.034278
0.027121
-0.004394
-0.003542
-0.003928
-0.007104
0.005592
0.019753
-0.012729
-0.030422
-0.033987
0.011844
-0.004750
0.025378
-0.022975
-0.006820
-0.001946
0.010385
0.020744
-0.032693
0.014102
-0.031373
-0.001141
-0.016822
0.014353
0.017997
-0.013666
-0.015119
-0.020189
-0.013534
-0.006932
-0.031373
0.015053
-0.000554
0.014617
0.026078
0.015224
-0.014234
0.002991
-0.000318
0.001796
0.001906
-0.017931
-0.010695
-0.027029
0.000777
-0.000250
-0.002662
-0.005331
0.022988
0.000880
0.016109
0.008457
-0.029577
-0.034832
-0.026804
-0.016201
0.006407
0.016743
-0.001529
-0.003984
-0.002614
0.014432
0.020110
-0.005929
-0.027544
0.018063
-0.016531
0.031320
-0.003799
-0.008847
-0.013442
-0.012333
-0.033274
-0.027253
0.003575
-0.000624
-0.001962
-0.006893
0.022618
-0.001579
-0.003638
-0.005084
-0.011857
-0.006153
-0.015369
-0.032218
-0.058309
-0.015766
-0.020400
0.012108
-0.005513
-0.023001
0.015185
-0.003169
-0.017376
-0.016386
-0.043230
0.054876
0.006526
0.036311
0.038344
-0.012425
-0.023807
0.006972
0.020810
0.003187
0.003875
0.024203
0.002298
-0.012656
0.009401
0.016611
-0.015462
-0.050228
0.032693
0.016281
-0.003545
-0.027227
-0.028890
-0.003770
0.030422
-0.023305
0.015317
-0.007163
-0.012432
-0.018446
0.004097
-0.008754
0.018182
-0.007064
0.014973
0.000965
0.009494
-0.025074
0.000375
-0.007553
0.022764
-0.010504
0.018578
0.009401
0.016716
-0.005503
-0.006519
0.000780
0.035968
-0.018974
-0.003469
-0.005955
0.006047
-0.004852
-0.015026
-0.006767
0.010669
-0.010015
-0.019251
0.038239
0.021351
-0.019568
-0.016439
-0.016215
0.021364
-0.014762
-0.021179
0.023107
-0.013217
0.001091
0.009751
-0.006001
-0.005569
0.008622
-0.004638
0.006866
0.023226
-0.004681
0.007843
-0.013039
0.002573
-0.037024
-0.000691
-0.018301
-0.015766
0.010761
0.012458
-0.022288
-0.004539
0.022949
0.021628
-0.008186
-0.014868
-0.003615
0.025986
0.004027
0.005929
-0.030052
0.012557
-0.001939
-0.026500
0.014802
-0.003951
0.040114
-0.002162
0.009144
-0.011732
-0.012174
-0.010874
-0.016677
0.009547
-0.009421
-0.025550
-0.018935
-0.021311
-0.036153
0.008153
-0.033063
0.002738
0.014194
0.011844
-0.000992
0.005879
-0.017363
0.007335
-0.005572
-0.021826
-0.023345
-0.004793
-0.027570
0.037816
0.026949
-0.008253
-0.009414
0.001142
-0.037843
-0.019199
0.032535
0.004427
0.006681
-0.007414
0.011190
0.017403
-0.018459
0.027306
-0.024586
-0.002335
-0.010504
-0.020004
0.008286
0.019661
-0.005404
-0.000942
0.016241
-0.004588
-0.005635
0.009164
-0.003852
0.009712
-0.000327
0.011303
0.005275
-0.006450
-0.001027
-0.008312
0.002774
0.029735
-0.020823
-0.025880
-0.019476
-0.002931
0.024388
0.006130
-0.018142
-0.018710
-0.006926
-0.003549
0.021721
-0.019991
0.009282
0.020004
-0.013013
-0.046716
-0.019067
0.007064
-0.002431
-0.011653
0.000964
-0.017535
0.040140
-0.002606
0.015779
-0.008220
-0.001931
-0.024599
0.007368
-0.032271
0.027834
-0.007797
-0.005437
-0.007936
-0.017984
0.006407
0.023199
-0.038080
-0.012709
-0.002760
-0.006229
-0.002535
-0.008926
-0.005562
-0.011560
0.019793
-0.011752
0.009401
0.215067
-0.019621
0.019846
0.023345
0.015805
0.005288
0.034859
0.015105
-0.019766
0.001245
-0.011804
0.018235
-0.019634
0.012610
0.017495
-0.029683
-0.017693
0.007143
0.000221
-0.027359
-0.008734
-0.008781
-0.021615
-0.002898
0.022156
0.015198
-0.017720
-0.012676
-0.002479
0.014036
-0.028521
-0.014722
-0.015805
-0.013666
-0.016703
-0.009058
0.016888
0.012531
0.021879
0.030026
-0.018116
-0.010213
0.019397
-0.000026
0.004199
0.018354
0.015396
0.014313
0.006572
0.004314
-0.030871
0.001493
0.010246
0.005955
0.009646
-0.021641
0.031848
0.006150
-0.015515
0.010339
0.002854
0.019516
-0.007407
0.035730
-0.016373
-0.001468
-0.011032
0.017997
0.008999
-0.009474
-0.012471
-0.028996
-0.020466
-0.000486
-0.000432
-0.033855
-0.003760
0.032297
0.000977
0.042728
-0.022381
-0.028758
-0.019898
-0.010603
-0.001608
-0.021391
0.028890
-0.006813
0.004592
-0.002781
0.003819
0.015898
-0.013310
-0.014300
0.024282
-0.014075
-0.007005
0.011653
0.001624
-0.016558
-0.012187
0.017575
0.023569
-0.000676
-0.009830
0.014142
-0.010042
-0.003400
0.012722
-0.015700
-0.002430
-0.026065
-0.006899
0.002667
0.023688
0.023820
0.007586
-0.027913
0.016096
-0.009784
0.001726
-0.041883
0.014287
0.016505
0.012768
-0.047719
-0.037024
0.001648
-0.016162
-0.034436
0.014009
-0.011903
-0.005242
-0.016333
-0.000211
0.000574
0.009784
-0.026408
0.006226
0.012801
0.001526
0.007619
-0.006054
-0.001240
0.016677
-0.026052
0.020572
-0.002179
-0.022196
-0.018512
-0.039665
0.033908
-0.004991
0.002986
0.028732
-0.020295
-0.019661
-0.034146
0.008675
0.008946
-0.034595
0.003466
0.017152
0.003588
0.006203
0.000717
-0.167005
-0.001246
0.013627
-0.016822
-0.002372
-0.012848
0.027280
0.012696
-0.026368
0.000636
0.010154
0.003714
-0.041408
-0.018037
0.014075
0.019185
-0.010860
0.013079
0.002756
-0.004255
0.024837
-0.029260
0.031029
-0.008827
-0.001025
0.005315
0.004347
-0.017931
0.000675
-0.021113
-0.005975
0.010576
0.001733
0.001282
0.003644
-0.010821
-0.025325
-0.002776
-0.016743
0.038186
0.002936
0.016333
-0.001095
0.003658
-0.001117
0.011144
0.012735
0.017178
-0.003417
-0.041751
0.002918
-0.008068
0.022579
-0.014379
-0.012115
-0.006331
0.002984
0.016994
0.004994
-0.021047
0.007209
-0.027147
-0.011771
0.002459
-0.011824
-0.010986
-0.026448
0.029709
-0.020532
0.008933
-0.000552
0.003717
-0.005209
-0.003110
0.017390
-0.001596
-0.033644
-0.008926
0.011996
0.015145
-0.012927
0.021417
-0.052341
-0.018354
-0.015277
0.017746
0.010167
0.013079
-0.004308
0.019714
0.016611
-0.011223
-0.007104
-0.031399
0.008259
0.039031
0.013079
-0.026712
0.021364
0.005097
0.029075
-0.023622
-0.007269
0.038688
0.012267
-0.019846
-0.002737
-0.001738
0.030448
-0.015264
-0.007764
0.039374
0.008767
0.039216
-0.013534
0.024942
-0.001911
-0.010590
0.013263
-0.009659
0.039137
-0.004437
0.007275
0.012854
-0.018103
-0.016043
-0.103678
-0.046742
-0.018842
0.005087
-0.027966
0.004691
-0.007150
0.029709
0.007936
0.028283
0.009124
-0.015145
-0.003664
-0.002981
0.029207
0.009335
0.009989
-0.029313
-0.001956
0.005836
0.027464
-0.002845
-0.007698
-0.006556
-0.001046
-0.009929
-0.026817
0.011045
0.015660
-0.004625
-0.017825
-0.013851
-0.015528
-0.018129
-0.012663
0.018063
-0.009104
-0.026104
0.029788
-0.022222
0.004998
0.026157
0.002076
-0.040378
0.022024
-0.017548
-0.007784
0.036681
0.023384
-0.028151
-0.016796
-0.015502
-0.049489
-0.003020
0.017680
0.004783
-0.017073
0.026540
0.009857
0.004489
-0.009447
-0.006698
-0.011289
0.010999
0.004503
-0.006972
-0.024520
0.013693
0.020968
-0.015066
-0.043177
0.009692
-0.009877
0.030026
-0.039427
0.009764
0.000254
-0.009679
-0.005123
-0.002449
-0.016769
-0.012966
0.019476
-0.038054
0.023965
0.020625
0.012517
0.025972
0.007553
-0.018010
-0.007876
0.009454
0.014221
-0.031426
0.015000
0.011969
-0.003436
-0.002728
0.052050
0.036892
-0.013435
-0.009388
-0.066760
0.007870
-0.003131
-0.000470
0.015766
-0.001508
0.011983
-0.004446
0.010411
0.019053
-0.032904
0.000152
-0.005991
-0.024956
-0.020427
-0.007275
0.008695
-0.015937
0.010907
0.008041
-0.006199
-0.014089
0.019093
0.018050
0.008140
0.039850
-0.001514
-0.015594
-0.007870
0.013105
0.012583
-0.015845
-0.002552
0.028943
-0.013059
-0.011507
-0.004961
0.026976
0.014551
0.008411
-0.011540
-0.009943
-0.004869
-0.052024
-0.011454
-0.005272
-0.008054
0.018195
0.030765
0.012068
0.032904
0.017284
0.005424
0.014524
-0.011309
-0.031056
0.003232
0.001693
0.007625
-0.003565
0.016267
0.034911
0.011540
-0.037579
0.005816
0.017218
-0.008345
-0.037367
0.001320
-0.023199
-0.014392
-0.001981
0.006229
-0.002746
-0.007566
0.000692
-0.015818
0.021126
-0.030000
0.004819
-0.002397
-0.000727
-0.024005
0.022315
0.019661
-0.001152
-0.005826
-0.007790
-0.001152
-0.014366
-0.037869
0.009890
0.007440
0.006453
0.020717
0.008484
-0.011771
0.002788
0.010708
0.024163
0.013468
-0.000743
-0.018037
-0.002893
0.008226
0.001702
-0.021787
-0.040457
-0.003856
0.008642
-0.002189
-0.017244
0.019093
0.005975
-0.009269
0.019278
0.001254
-0.001490
-0.021100
0.011884
0.002694
0.002986
0.013785
-0.002918
-0.008860
-0.008609
0.026408
-0.011831
0.011428
0.004120
0.009025
0.000688
-0.032535
0.016848
0.010841
-0.017073
0.016914
0.028943
-0.032931
0.078062
0.026144
0.001731
0.015264
-0.010583
0.040457
0.007368
0.020044
-0.010887
0.001183
0.018103
-0.013613
0.009784
-0.015290
-0.019793
0.005176
-0.018525
-0.000643
0.007124
-0.000257
0.050994
0.000183
0.023939
0.005737
-0.021602
-0.018987
0.028679
-0.001809
-0.004245
-0.008114
-0.000538
-0.000077
-0.021998
-0.014472
0.018538
0.013303
0.003463
0.000286
0.005899
0.009507
0.007137
-0.010986
-0.012075
0.015858
-0.017363
0.025008
-0.009771
0.004404
-0.024177
